2 threads 14.9103 14.4692 14.8935 14.8395 15.1128
3 threads 10.6233 10.5399 10.5956 10.5439 10.669
4 threads 8.43992 8.30888 8.33263 8.46777 8.27259
5 threads 7.21958 7.10797 7.12505 7.19723 7.36581
6 threads 6.53515 6.46483 6.54116 6.4755 6.36375
7 threads 5.68945 5.74539 5.75537 5.78459 5.79065
8 threads 5.38776 5.30431 5.50077 5.39729 5.29483
9 threads 5.0823 5.25017 4.97654 5.0198 4.97667
10 threads 4.67604 4.69422 4.73366 4.66974 4.75877
11 threads 4.79943 4.86218 4.61893 4.65442 4.66839
12 threads 6.99576 6.74141 6.92904 6.78337 7.09491
1 threads 1 threads 108 0.537795 108 0.534045 108 0.532157 108 0.532148 108
0.532193
2 threads 108 0.283037 108 0.290832 108 0.287114 108 0.283826 108
0.285811
3 threads 108 0.20336 108 0.204197 108 0.196864 108 0.204276 108
0.196851
4 threads 108 0.196672 108 0.19406 108 0.19709 108 0.190465 108
0.189677
5 threads 108 0.173873 108 0.179634 108 0.173422 108 0.155663 108
0.176208
6 threads 108 0.166488 108 0.166487 108 0.165924 108 0.166593 108
0.166176
7 threads 108 0.14568 108 0.14348 108 0.144715 108 0.151829 108
0.143504
8 threads 108 0.133374 108 0.127332 108 0.128723 108 0.15951 108
0.127883
9 threads 108 0.1161 108 0.118797 108 0.119368 108 0.116161 108
0.123685
10 threads 108 0.10529 108 0.125337 108 0.152825 108 0.112838 108
0.104968
11 threads 108 0.0998733 108 0.109204 108 0.0987276 108 0.0980743 108
0.10171
12 threads 108 0.117187 108 0.190845 108 0.150413 108 0.163008 108
0.0989685
1 threads 8.25503 6.50279 6.27464 6.42841 6.26493
2 threads 3.46794 3.38091 3.33784 3.3289 3.26114
3 threads 2.28496 2.47353 2.3646 2.29147 2.3029
4 threads 1.83729 1.8391 1.84319 1.83862 1.84274
5 threads 1.56584 1.58734 1.56927 1.57072 1.57152
6 threads 1.41495 1.41139 1.4049 1.50807 1.39362
7 threads 1.83533 1.81672 1.8695 1.87064 1.85182
8 threads 2.08569 1.72568 1.70562 1.69692 1.67503
9 threads 9.7978 3.14822 3.83649 3.04739 1.81668




12.6039
6.61331
4.54766
3.50156
2.90909
2.53567
2.23564
2.01756
1.8833
1.75588
1.65814
1.72875


