2 threads 14.9103 14.4692 14.8935 14.8395 15.1128
3 threads 10.6233 10.5399 10.5956 10.5439 10.669
4 threads 8.43992 8.30888 8.33263 8.46777 8.27259
5 threads 7.21958 7.10797 7.12505 7.19723 7.36581
6 threads 6.53515 6.46483 6.54116 6.4755 6.36375
7 threads 5.68945 5.74539 5.75537 5.78459 5.79065
8 threads 5.38776 5.30431 5.50077 5.39729 5.29483
9 threads 5.0823 5.25017 4.97654 5.0198 4.97667
10 threads 4.67604 4.69422 4.73366 4.66974 4.75877
11 threads 4.79943 4.86218 4.61893 4.65442 4.66839
12 threads 6.99576 6.74141 6.92904 6.78337 7.09491
1 threads 